-1302205105
-235560754
2085398138
-1647979350
55637249
-91627478
565369110
1600406127
-362395377
788637370
691146847
-1619040443
-661710578
-2134893641
-1084745012
-2143939825
-682933487
-165745546
-54174738
-784783521
-597372045
-318125351
552459224
1879244038
-2093400877
-483467512
1053911226
2074545902
51350623
-229105567
232894159
-1099891162
535240277
-263403092
1129802361
-1285078210
1071552199
1540971667
2024151209
-365485868
-351591778
-1752176560
886032772
-1235965074
848577760
-38172761
374405443
-1754072438
-1100434379
-485668329
1685492570
2133186292
1126501542
-430965684
-412187684
1925151318
-1676846680
-448560169
-528123107
1318204437
-1283015591
-2105294304
1309329304
-102299814
1200534024
1868182170
1786604051
-696805778
-1283342597
930134073
187942912
-464851126
-2057600661
1574915617
1239523366
146410862
1320579283
1788317599
-998890112
1314530545
-378417815
2146192220
-502897563
1222118105
558400492
287479247
-2146019864
481382060
923535776
-270725389
1674921345
-462628538
467825814
-1509339334
-586650388
1153311981
857166897
-1342001216
1856563793
1142645410
1141050852
-702750269
-1444383580
-905961287
1938080320
-2130966189
-173903282
1000031916
1237777965
1212632901
-462072308
1212185131
633846903
849223277
1226466839
1021460854
10517388
-1484292085
424694149
-732203281
-15504509
597052293
-1240516626
-140254742
1152317536
2071207254
-1845295278
-696973113
-1993788266
1060129094
-944548806
463573059
-1700206644
1800354779
-1114763236
1102232586
-959822364
-1947599089
-646135293
-1987779440
-460746184
1056233026
-972937873
919926304
-1155648730
1220486513
1381520249
993938740
-646645298
1345197992
1407572539
-1337359353
-1214209510
-1437157195
-1813879186
-1843264152
-1954296066
640906782
376038227
1334933713
1952974592
-2072233132
1657222359
-2042799176
711554298
-1536713433
-978456591
-988521436
-556306146
-1886467972
1336718670
1738426498
1579554363
-1936381890
-90697168
-1799706440
990734142
-2066745710
1917324179
2139575418
154585338
339291470
1711323025
719952605
-1398680533
-4421205
-1702852345
-456536279
-34225224
-207317192
-1489686153
1320832754
2072314680
-304548335
-171819729
1136678249
924623286
-1526837167
1074974123
-7983121
1913760952
1503376068
149034551
799254507
1872410494
-2140128031
-348356904
-1256016420
-2119953785
-2007016458
-919236244
-801910351
-1976469672
34145700
-416475888
-882477992
1934109823
-1232689778
-1849689151
1676648084
361293270
-853757363
-1624766907
-1697548013
-900668156
943463846
-1416150453
475292095
1571692105
-265415681
2034943697
1634925139
652895609
1752678157
585257669
1323306034
-399644856
-2085945390
2000728559
-1469688461
1727623881
-1691069498
-1408037875
-758148288
-331524304
-49981100
-983858625
1132551520
2077874655
989767559
1866317477
-1462524143
1419937951
1995631877
1242716742
1645082907
1808657453
1430817339
-1448067789
-1221215967
491740921
-1092740391
-970367765
1755910713
1043401769
472490625
942308609
2049397439
1793088227
785469626
470013436
1973474150
-1581299252
1333268522
1180354173
87407503
-1905164597
979850500
-488443225
-2106837283
-192671983
308469438
-1837140550
-1742999544
1148928861
478830855
-2129458687
236315890
-180233092
1844987896
-296727826
1449977847
-508978161
1124862857
-1505135230
498360968
-832236144
-1539193274
-393131278
1724919034
-857797738
-329252031
632617351
692686747
1523834200
-2099251382
-722391099
-607469306
-1714042769
-352085667
-578634289
1017345464
2100101855
391138907
-1173001975
1296979170
1410396503
-1453581315
-1881549313
756573824
575143352
-2109303035
133540997
-142029142
235917779
1477836981
1334794782
1178102313
268958327
717506437
1525225121
-2001854388
-1795869014
-1471226097
1762987801
953023996
-237766859
1020765006
-100214035
-2068419058
1024774757
-1844167929
2120523584
1757946584
742780944
858566022
834438298
1263174918
404271574
1862344589
-488021305
-270025810
-505209944
635038601
633063167
1498980769
-1984905074
537168135
581613638
-867550205
988755876
-1139607707
933355029
1426818589
469654885
211460044
104394042
-1154767247
1923933483
-374676899
-1443201284
-803348210
-1456603402
-1996307798
1394521730
830069541
1688016235
345007975
-1182771084
1908671453
1810950176
-1740873376
-19318558
-1122814365
1418692118
-642912850
12395365
1722149188
1288236166
232040229
-2003263101
-624263426
1956007392
1809275664
-1670692009
-1968993325
-833075952
-892406497
-1270133135
-158718752
1009678594
1924118176
825947898
-1117942674
1327985768
808594669
-273316068
-600780920
-63982150
1655741221
-1512236896
935078093
-208454786
-385561826
1083688152
1493253255
995430601
-2101511782
511012542
-2047966725
1859427845
-591277640
-1188721827
784297474
1332789747
921480108
-1999205265
-23317800
240449267
1922073266
374264135
-1026217677
1469909123
-1284483521
-752270863
759379607
-557835003
1288235641
1503525014
622314728
872159172
-305587223
-1193173723
-1426317504
2122749752
1267677807
-424913104
587810819
1473844105
2108465013
-333219309
1310628911
901898577
-191892633
-361803941
497997816
1530666150
575264354
1140368228
1853902995
934068310
1428611115
-1730152381
1096185682
21196148
-875222174
-2114288922
961018352
-2044614893
326819830
465524346
-1880746962
13862481
1552314587
877748748
-1265703266
-875484521
-1437040389
-478600078
-410130755
1030777374
-814570647
858471019
541768775
-1507686732
-1160418596
1768368901
-789045305
1179773631
384531546
990647871
-684093843
1139815042
-167339725
1492593134
1766844195
-502987362
-816917456
798621924
-1345698591
-225278756
1616078348
-2089463730
767142464
623661097
-697314013
-1530493091
574313037
787114209
-1758501783
-126008025
-954811744
322008144
-217842275
1719126224
644463276
341713524
1363479229
458473444
908999767
268025096
-88214852
-653060345
-787846708
-1879432515
-2007290510
-1817530160
-376085360
2045752010
1358963411
931866352
893901267
-1842877273
-1686156957
-2037253734
1475414024
-1678522348
726743017
-439103201
-184677961
-1783821984
1061068386
-1701399081
-1301644911
-955902489
-1006872008
1222468167
923714501
920915163
1090001331
-397208704
611432593
-876926905
-2037955921
-679904315
1887974427
1113696849
-107933553
519093104
-551096448
1003346623
1290280305
1640727573
-1969762515
-1770530629
-887698781
-765474329
-536526226
-731888422
-140166060
-551114918
1954777156
1867056986
739695758
524572426
-72815238
834516651
105421155
1820026842
505632762
962421296
-1833414042
-1898148000
919253852
1974453574
1490102621
-2018066816
747967167
-756275580
148875828
1801542742
-523592740
-642226364
-301203917
-21705895
2015661911
944441186
1374133875
-2086429508
878969432
1052975427
1174354318
2057901591
-2019418790
-197811687
1371062421
-1293423290
2086990914
-1407237532
181456710
186539665
-895398989
1356792507
-733355138
1615003917
-612180064
1473589451
-976021524
-1779434175
1230634786
855586976
-338471417
-1896314357
-542731893
1118357027
-1314835647
-1679895612
-567945030
-1135674653
-616632964
127840674
-95845200
-1436894185
762657469
1403243870
-774640541
1327717603
-375463906
-1744297706
-792821806
-1795479334
-249412599
-1214124173
-515061927
1360761540
-1967820893
1714854414
411010117
-2141254752
-463719547
-996541937
1212204715
387106284
-2661455
-656924905
1557859445
-787814109
1731681987
-771647393
1775943101
-1194854010
-206351258
-1508856799
-1667589539
-198936545
-318111991
-1629478602
363916486
653131522
-1698183981
798129920
662476305
1211981270
102331348
1750263689
879642451
-1030391149
-1852699268
1900474348
-2070184908
-922158452
1472025936
555424499
-588379454
-517802065
146806490
1846139393
1948015746
709838348
-1914546464
-1411958734
1875092680
474156435
-823204903
876188608
1337894984
-2035368927
68614556
-875951704
1550379500
160338877
1858071642
1243445132
656888039
117397790
-1081340210
1515272155
-1601397751
-103750032
-414234702
-1872430034
-167692715
-278354345
1454574196
829254133
-415547184
-1407042765
2085922601
1866554706
994895259
1333581477
-1906039358
637400644
1792821315
1967654226
-1166466948
1893454856
175744856
720040679
-944352867
1586635451
1648198460
940403292
330025052
1110073156
1747050044
1352275579
-722274016
1307702640
-836310556
-1350187357
1719606509
1902451805
1703196046
1044364233
1867486235
-1698654948
-231689668
-127188545
1524187208
664678290
-149479513
1589844152
1381435791
1205483934
-1596606825
-83135733
-1115618567
-1992409984
-205118347
-1442870473
-181607885
-2091930504
-939774946
1400116775
-346964351
1600614061
63209465
750261686
-183219470
-1675536048
1483647307
-1714303116
-333447211
713101825
-2030202679
1204677546
-2015041685
-1055134095
-1207993234
2033385627
345571805
-999441592
-1534617970
-2046030324
-1202228112
1433963848
1800426027
-685724409
-442042378
1194197169
-978370425
-1072039973
-1051444601
-635270425
-1988613126
1790930534
1730422897
49398354
-1200190459
-429434219
-1733472148
-1530609531
-654203226
-2039842517
1793513234
-321256799
-1767836947
824371906
-1662079603
-536843269
721129679
-2097499889
-59768943
367873788
1470556729
-1500627862
1697516684
-1703960504
-1508519576
808177036
-1060708324
1744877602
-1523928969
-532631655
-452682303
-61520369
956603961
-372142495
827020243
479681208
583560264
-1205113630
1914472886
370977812
1487143518
1976500241
1804139851
536508358
-614753566
242250201
-1141095511
470460355
-2087340858
-1694379933
-950714100
-653517513
-283914609
694070680
1912187917
1304577449
-1034731851
1972613859
-2084433901
-1667867044
-286081748
1227173179
645858057
981404152
2146333250
-379333280
-1565556143
1763253354
-1953653077
-384870300
-99898633
-1926840057
-1527107366
930767980
2047230249
1717067511
1579932561
-799261257
-1147487514
227860432
-749370949
-1481105441
-1729838602
170736769
-1667429511
-2063405217
2002346265
247559281
-19728262
1815347029
1581863043
-1302637849
2036351887
-352981112
-539552378
329623212
1677093757
1610147499
100854161
-110309394
-889801451
-625496862
-1726374824
251644006
188938882
118844038
-858796
181864893
1450941409
1112674085
809425006
1146680875
-1663867626
1110418636
485061110
-1058429087
-1025803043
-201124985
1972792793
2062436265
1161212191
2081364264
2074533395
1699371338
-884689786
-1640990393
39662690
-446722000
-775216813
-1278301814
667661116
-2097208884
-1062513298
-2005631450
-293307902
-616190151
-133071938
-1431790939
197238900
1464413599
-881174853
-1714050327
506402151
1142059228
-256729024
-1467045776
770127030
349322336
-1479798107
-595873832
432949365
1557921368
741437197
-1090508122
814246252
1525586190
-943450885
728977730
386429635
1425399439
-326959317
768624965
-1284637447
-118119795
-521913953
-145529865
-1277979622
393840263
-66640649
-1848753901
-2062705359
1408427046
-361293051
383048140
-395469062
2048948714
-1885648736
-780027884
-2002460196
-1959674363
2087309496
1756356123
-534996203
-200148090
-1631482709
1349329429
-708241610
-966419014
1328479702
-1538260416
-1142908974
-242856498
-1575598995
-846711515
-583673742
-294598983
1451569039
389118493
-1115590965
-748584104
-1249002860
1977904662
1306819122
1879812826
-1841656919
888760471
-56469937
-1406673058
-1858844769
548250881
213271825
-1915825447
961007359
-795132906
-1832565791
-705837507
-1469400991
1576579519
-801406951
895571671
1423743997
-1927472375
510140087
-1893384712
81331330
-32366480
-647935155
1104013015
976689446
-1798479776
-1733967300
-429195595
529618174
-79759880
-787461599
-1824496830
-1822367857
-302307312
-1140535154
1605702463
270359204
1008829565
168173052
1789789540
-802473631
-729551981
-1503767296
-410711677
-428870504
2033471467
1165209789
103421932
-368791462
1472736869
-217696615
-620776685
-369809711
-1408433552
-1607839949
-1863762064
1585572941
483998344
1168079508
638350758
-986029924
-749113088
2103546788
406147815
632545693
-1930302207
558257886
-1159844971
1525224215
-2100777007
459284551
1557382189
849694662
-393440680
-218491748
-259550112
504207287
-1437452576
-40818230
111188098
-1114009643
-1347955940
1768997538
-1468181209
1290036930
1015879275
2127614412
-161484533
820425450
-1878216611
-1883326468
1965525298
1520934358
-536265867
-1376169628
805839696
310702269
-1834512336
-1552161175
1575281258
706139744
-1545812922
234550168
503734716
-1381145065
-1857660369
1246821595
1193368029
2008239142
-1009294104
-234299417
-1136659423
-1860033708
374186998
-1642702344
2002939966
-135638082
-452076629
-173755200
-1882062799
804883176
-1472795225
-2115055972
745209442
984097044
-676366943
2140336648
785506822
336003031
719973991
-704106411
-1244097084
1527569896
-682122461
1442984857
-2121263974
440067130
1900212447
1793833958
349991170
-549580723
2001574986
158284733
-719345072
580118465
1364737980
143148996
-1292766115
-242331348
-463202953
1661980087
1294226793
1987814956
-1907318225
2019575452
1538571837
1232425663
-362085429
315512890
1093206160
-374827567
-1294145427
1166383563
1211647915
-1340983530
929395119
-1876922384
-1744767153
1658799642
-2019129296
-800246812
-1266477866
154285717
-1426758834
-2143151628
1106615959
187493891
692406580
1726253870
705656207
789943924
481282838
-73406888
-2000503492
-613070176
-510787141
1328733219
1685312972
-1133711554
-397767109
-1149642080
178476151
-1586639467
-800300278
296762355
2006228520
357090130
-1160341196
-1878447035
-604960670
-564126820
532272617
-535004417
-1459510175
-1661639323
-1871182788
2125646644
2031622271
323869443
-113023193
-1505765538
1080110041
201142014
-1907472430
-1894728628
-387848142
659542571
-1351564268
773816155
1829402134
1187710713
1753121081
-1663286300
-1386735806
-1773513206
-1711388922
-1001397260
1093788483
-358139899
1351730937
2080563266
-406705572
-11466582
-243526700
-196158627
-1387748692
67671846
-57045668
1534071845
1652540304
2069096360
-1878768546
1208980347
1483862854
108263987
869014258
-1705639621
163670738
-571495755
-589683453
1898075242
758117412
727973465
1904938253
855560876
-1167989126
-1552190951
1359249704
-450751752
1940522243
-755818858
-1677333434
1970337678
878846917
-659700437
-214630472
-1034824921
1563342527
1581390399
2146095350
191901038
1825156945
-1183653670
-510750817
-996943185
-153924644
1087679354
-1093199938
648370893
1894628773
500061735
-2145590194
774157177
-1823291138
-1285648955
578430464
1224161696
-1956592729
216135848
722403898
-893125083
-561080975
-2017799059
-761512349
1314771408
1628217124
-143385337
1543953245
-1623911291
-145577054
453480728
-1065654957
1052427192
1262047051
747579265
168819636
1782676512
507468195
1210042940
-1238346370
-176135510
1233272114
336882280
-1408285249
-676910928
-1023766101
-1980907099
-586316712
-600727702
-2063854512
-1671670622
-1380073724
681348772
-83178860
844073715
975845016
-872103247
-2079511807
289271847
1468034187
550798751
-1208127396
-1215827431
-1802787655
-1439500373
-591758586
1142403206
565133155
975960823
1689969828
-1619676704
1956523898
2042537594
1768630786
-2051829407
740102428
2087416887
-332787916
2097871458
1894818910
1824169649
-1033592322
1948288236
452112460
-641310307
-1920631179
-910211185
-932998611
-161738279
75577829
131805810
-366019318
-1677573988
1292113909
569739179
1581165937
-27173393
-1142723063
-1663040304
1633555830
1097829980
1102534887
-1869573682
-1998699270
496478180
531081372
-310343432
-1319529937
605981237
2076255904
590343266
-940915109
982074908
-1445553608
370547824
1847841499
1761200184
-1069338853
-170990679
1665946218
-190907664
2098864728
-1041503280
-2026874205
-5205082
-492185226
1103097909
676094404
188612396
-134821924
-1829093048
413875380
-275046026
355780211
-1052873362
-157845178
1437392017
1267450249
-1353899241
-258893633
-922578221
618586360
-435118064
-1827606891
-272033708
-367292793
540033557
1789732729
-713635940
923270799
-151778134
1118485655
-153637475
668933857
1484404778
-691742948
-1927544605
1233260519
617487903
62089208
-1862641655
1994755080
-930015532
-191596572
-367373458
1742987601
232463401
-666111066
18066985
1023566161
-536722010
828209299
1855515193
1128491843
-229281327
2029512021
941886465
1628206194
1036497091
992129774
351213810
-1682328871
323961848
-226928131
-1402385015
1391414793
429148007
769738814
-319472004
-1252902321
1371035602
644557399
1036736815
-2142166507
566348382
391679440
-593528979
-465043064
684345702
-498393245
-1772127660
-573613957
582609547
-835516043
-716431217
380769930
-1940581873
1155938020
-989033526
1796449666
-839600285
564297219
-764401310
604091904
145088254
1985542114
-946212260
1581494871
-538550929
918620114
562771609
-1795949641
-1090373707
1259722535
1488152391
-242395766
-1250544434
-2125903553
-963799911
-1999035615
2129753229
1185131459
-1649700167
-1546560625
450437040
628598572
1259993597
1465079765
1238271281
-1761201271
1057453657
464445247
-1092011812
-1188653698
-364045804
-1880156660
56362785
235054991
236758974
-1032768940
1062523435
1249375134
-705362079
53943078
-279663568
-776838990
-1723049226
-1700637200
859751178
1251834105
1164076571
-1826232797
-516820729
2048232463
-140165887
-867957993
-215349508
2073178496
423456427
-1558788053
-1331485792
-1785204853
-1544151468
-554613968
508210198
1205275177
587776048
563643655
-1704019509
448380493
1989897559
-1603626872
110498178
-75207316
-1975778562
1354990501
-1296566356
558791998
-1399750425
1146009294
1043101180
776138694
1545624346
-1544188265
1927472699
1510209424
1905636053
1610730392
2046154328
1308429369
249080512
1142236308
-1164928574
522404660
-1839183260
67458781
-561243142
-1571032886
-1556110114
230578422
1349372003
-1514285726
-750700849
1514312570
-1781752996
1365334786
478523286
654001211
214806672
-893868267
-425092671
-553029715
1017832076
-441416594
934844096
-1670773627
1565216657
862415244
644620763
-2134501987
1377753003
-1755832545
-1465971099
-806203878
-1108678654
-39204149
29242673
-1330707505
1363683183
539976235
-1533934267
-445871132
427153489
129813016
-1992037427
-1259489870
-1977547871
890775082
792577874
-1008955407
-1073036988
-332260226
-1582245333
1526979605
492450208
-709357127
1886711859
-1272851468
-937689998
717201741
751283131
2137990571
-1187354403
-2072324613
1434398146
541018562
995517125
-1697061224
-406680221
-1110599794
-694484643
552565523
-477244786
2023537623
1714053886
826588597
-714184710
50623929
1046213178
-1898791765
-331335590
-823935537
-34510799
1444995009
-914167090
-1456751731
-1863770078
-1940359568
1214378652
1213869293
-1763078076
-2063228390
302081567
994059341
1655372758
444997779
1481429247
601637015
276935285
-1254376733
1252292002
-52575326
1098674349
-1565500343
1285075425
-1311233321
867153361
339088771
497711870
-662360553
-1602215154
-1804758964
-1526520618
1189955804
-1135921218
-255740122
344254546
1697460637
955186937
-1886415527
1723391267
-468655241
1806074482
1369289530
-1573496147
1243815433
-407234945
1307996848
-966069181
156925855
-1881156743
-1771229196
1080657045
1719377297
1897517126
1766730391
1708784742
-354828563
-1599802829
-1372226871
-812980095
-946463405
-597400058
-922118441
-809442579
152555552
795022931
-489018123
1768907615
-1468742193
1271247630
-47426243
-1874222352
19296155
1847402081
-179740681
2102494991
1777009511
1286755007
179684379
594921400
1113487330
-43903431
1246360083
1529857253
-1310417178
-1624240368
918490820
-165363899
976224801
-2028073590
874371791
1272277035
-1505270282
1531813641
765348371
-509477688
1889932965
-381731240
-110456970
-233283427
-2043583576
761509192
2074124517
-588977366
41938272
1483309947
370767768
-116007701
-1164597007
452550271
-1389522790
434941828
-536756631
-265150690
1461875080
41399610
-713448153
-479875085
-1805306472
1759624101
970924666
-1684156096
-562927907
1594664355
-581628280
-1735866881
579577800
-2048446320
-1881078928
500907574
-799018767
1530747059
-1336517965
2100695695
-70031593
-372895494
-416736049
1215538471
1751125349
-802668054
1099810604
-1876296794
1817761782
-790871088
-936047556
426501775
1995235995
963528764
-264179235
1805961688
-1386164261
1861838511
-956108287
-1861231939
-690973637
-956677997
1072234896
1258612432
2049716670
-1307348886
-2114346612
-1939736492
1011230638
-1051903926
-979542410
419064779
-873293155
-1996676216
913727983
-697742642
-593332058
504991667
904723107
1647181852
886447608
1585991876
1143094882
-271075084
-780714604
1379329171
476588687
-378206298
-1176366507
1555949963
980477629
-1044210841
-966648783
1161350305
-329445994
1676484965
1013378493
387310209
1441472511
-1922587877
1962528246
-902668278
-930576775
-1801914907
2068132413
1842931196
-1524185910
-264761386
-1366600541
678466544
-1782725669
-1739041335
1962502759
-669657464
1737381347
-1062979914
932789948
238380262
-1429841723
-1269454778
2071672270
-992665247
-1705370953
-580822872
-2058421241
-1094856330
-1241717469
1648535973
-1690212979
1869865212
308072913
-970733327
-2124791281
1813816475
1063538245
-1493272124
251472065
1448136574
-209325723
-100179031
-723746652
1957957703
-2076342433
-109118826
1507739914
2117404995
-784631863
-1524607941
-546937255
-1420290082
1197337097
555187870
1249015566
-803037351
1156402166
468593639
1798272261
-396113223
-1748492609
2071381880
-1737382153
712178178
1384394251
11225153
1677436482
-515158363
2101974369
200692817
134839536
829360950
-2071054390
-1280144977
1382096881
-1418413471
-249655883
-1894449046
-42350165
-2033495778
1145761050
-579511826
559937716
1583464483
-2032226336
-1909001832
873731806
-760108902
-1812407165
1975255693
-1065481101
7612436
-1338755855
419747527
-605011007
-196939844
-66662475
-1456843920
-1999052584
1222056655
-1809866921
1527019123
-1175965295
-1027966901
772443137
1665309006
-404776493
-933807130
147456869
-1119580883
95191057
60639809
-1700846882
274785332
-1230569962
-1171024803
1562894293
-1523188708
-1442555388
-1650510258
-108211610
1617468929
-787903591
355552557
1173259842
722225017
998920628
-1691895726
-1914931754
1881043176
-200958953
1954298306
1872630700
1396663570
1920486766
1117825510
-1044871663
-999784975
-1492412016
387854974
-308152072
1879628488
877954052
1710802132
-1875006946
-269556873
-131185978
-2078851276
-53865618
1358310673
1116834121
235140507
362600358
-1864985685
526843840
1482723757
1436439865
-806707850
1936943769
-777814548
-2010053769
-1852802288
-1319090615
1667518503
-1722876438
472529174
-221521074
2078271279
-815111677
1022818045
-428339599
2108960720
977494774
-582469855
1751085388
526304511
-407816223
-1020027874
-1628678389
1963515727
-1618393037
-384653473
168161654
1490962346
1151482443
1109871859
962837038
-2866884
682018911
-791318361
-1881691082
1302372018
1833336735
1095671888
88347061
-370116957
630246809
-74539160
-1191581191
-437179570
539557855
-698574885
378088383
-1825195642
-859301402
1542325283
-1881380943
-550665495
1735107888
1426433682
-2062708945
1744897880
-1210130515
305799662
-453385391
-1812184670
658369630
-2118842558
-1384689620
854956930
1961421372
1937009907
-2022852524
-996430645
-615049897
-1138334959
-566561630
109263329
1234720321
5691631
-1695511497
1014113643
1784013740
2082326516
-144283456
66799942
1527306833
-804997197
185469691
-313890116
807923475
-944246983
-400161927
1967046133
192651108
-746002521
-2086292572
-68834131
-1562737689
840703
-1590322429
-2058431449
-2054837929
544952898
-2029472580
1154313824
1064768422
2115934649
128952666
1665833608
443731817
577223315
843503824
328153261
-1093847694
-11615568
-1343455042
-1029485383
1340032190
735042491
8159986
567024798
-330549615
-841763202
-1402761168
2056355279
919187679
1625479024
1714666294
1992689137
-615630098
-420964205
-2000635911
2115310290
-325068744
1598289020
1848265525
1800723865
-1586041451
498167475
-1650479580
-2062938817
-184036199
1467657532
-1727075700
-378700738
789037370
1594726261
1168077567
-2044975737
1902632374
-2048520670
570915678
-106664776
1481359539
-942501690
549442974
-1868352114
426680743
441279540
1913804494
-732529001
-1518538887
875105892
2134575192
-1397591252
1042165096
-1503118454
-57366138
-144627554
147143212
1275486308
1095583048
652507823
253453658
485993939
-139993036
882162500
742192908
-704894547
-174292275
346958167
-800846400
1145766097
1660429319
1212834610
-1542916480
1188587131
-1003341814
-314423335
-1412603069
1078564056
-1740249290
1254620103
-218487917
433046236
-1069993625
-900725539
1399669615
-2124668077
819757433
979087767
-95374222
2049720630
-1896778482
1126580096
-1320164044
-154186432
1670372494
-279350041
528804591
750399679
-292800657
-603610669
2145132901
-594970193
521351349
107232307
758605057
1953330180
-1948131396
-1297380518
-1115141316
-584186810
213569845
-1330833751
-1230308030
-486992029
-1036772242
1751108493
-1740531500
-1962427456
1476069589
-451801428
-1888863376
-1554827376
1416497086
1225731162
-1708647506
1666494569
-1892284829
541514833
-1157999380
-782288876
-342598612
1446825121
-1751037651
-1462938972
850057521
-1116641307
314424638
-549959223
710392060
735333047
486740762
1669390693
-1902674541
-203154331
-1033353585
-573161121
1912272564
-1406746908
-531001312
-1117706056
1306524002
-1310717436
-1515793875
-1140408869
150965152
-6519323
168375377
-1005088712
-892565380
-544679767
-2082696950
871669523
810156110
-1142563990
-45114977
1375566232
-2085562047
276073070
555209790
750242867
-676301806
-172735335
-1478174620
-2125336802
1099847960
1300303394
497053057
-895006150
254095747
-1756968311
1178562523
-1777950173
1862504680
1809424840
-1480482894
1181196926
99570428
-1789721400
-130236764
-1145161324
-702901857
1498809622
363962194
-403728092
1705211676
-2095778858
2016414532
1322643572
2076733615
-509772809
-1749507319
805122985
449742151
-1785746520
-996533086
-1466661800
-1741695860
-1296588535
1425638432
1337266012
696549922
1565052453
-1827970420
-1881639959
-1158115025
-755693536
1870524166
-1956247583
4551706
1560860076
-252531152
-2132832922
55465110
1297723585
-1637342260
178990511
-672507938
728379277
-1923450205
-134099681
-212311231
-1795995480
1198278312
-446296941
327951585
-62839157
-992557731
-864449541
-818125641
46480962
1123238006
-229948885
1066852825
1176935776
-1356499269
1905458675
-1476509697
-583752908
-1064751310
-117742484
1132120387
-1213228743
474176124
-1512243052
718211111
-1960976686
326723199
1860319261
-1783792164
-686056394
-1527273403
-1321911935
228391105
-268554072
-1984298973
-749324454
-974303447
1988349932
-1323820003
-741767953
2046198369
1910178549
-779551607
347236369
2113441264
-1646985246
-1677222159
-244796376
663906080
-724497109
-597888195
627344008
757788861
-1424071657
-298746095
-709059576
-267458788
-344635791
-1609870476
220817365
-273479586
822033274
-125617999
-1488489597
-2051408650
376547361
-1857670015
1341253732
-430848921
-1975699855
-47788439
1077838365
-1619744174
-1324892086
886290017
2032786038
534120367
818786643
1996468662
765206128
1543722074
-748481489
-1356795344
-144998244
1774603473
-1512325394
-5489801
100859050
-681758660
1189434053
-871204174
963199040
-638952787
529859329
-905071504
-1555247860
-322125913
601249593
-1825280821
735553564
-1499002652
1086807235
-1516704310
-1965151636
-386704046
1394735976
514592775
-907950400
-262269857
-711368357
82930065
2048514228
2130827638
437107302
361563923
1934741776
1917060040
-270031259
-1869540555
-1651682463
-1397217713
-384818440
-596373439
492312772
-1386341361
-988750733
1686013962
1924180996
1493046430
-499901927
1233737225
1104827111
77227238
1580906890
911470536
-1252804412
1629954090
-290329223
1800163202
-1510658471
1832107334
-2091273311
1192781067
51548891
2033404986
-962054663
-1144311571
-1381352883
-892076056
1216711462
850259412
275473685
-1147203556
18778672
-332927957
-134996789
-886687795
1281664376
1691747334
1682934356
93606818
498860265
1317847362
1807423791
415950007
95958893
974040554
-1874199538
1150188448
2094760867
-957194532
-1285298520
165695405
1968390094
-1731582293
-996863795
-1430026641
1709699344
358191815
1643304634
-2104430725
822497751
499324635
1891207854
1474574445
-1893068906
1046121078
-1577235523
-1604723409
55193528
-865116948
1519449571
1678071931
359813073
-785669250
1541635931
-419735394
1253258518
-1831639624
918902577
1657011325
1967677199
-863908838
906795286
340090077
-612920950
-700967686
1462250099
1693902302
-494237230
-303271000
-1356917569
1949451464
1687311137
-1400554029
1954197781
931065353
1319562834
1234111274
-680560384
-1962836098
1095581914
1547873094
-226389863
503874289
-1999077640
576329158
-601924140
793007330
792429867
998357179
1048428821
-1865403510
655480036
489015622
-1415134455
-1173439972
-1745934211
204569216
291818419
-1799599027
1367331433
324026009
2025961157
-943835626
-51160149
-2103478717
1886542129
492667832
500045195
-71224752
-973321218
537449984
-1680502137
-1188631655
1072500831
-2002209076
-493405560
-1686809310
-245964544
-1069141555
-1891144107
-229593989
490259619
-1401178739
-827658676
-252498840
-323176981
-1356562252
-1985775538
820348356
-24120200
507453318
454283515
-1739881823
-314125517
893107631
-1000428513
-608880716
-939616278
1429688386
1644636267
-1215862800
1619345438
1378933759
-416230809
-653001104
-1636286692
139877332
2646695
1571144345
1682475338
-900002906
2029890364
1280354943
1126400194
-1331618992
-389388179
-1601540217
1386583844
-182645269
-473372505
1705331022
708098215
1769556304
18399153
813757129
-1322396559
-2006672934
876542243
-2090574419
1374819881
-2141278608
-380469736
-1976256495
-141187895
-100544319
-2070109662
962898000
398129848
-436642351
377555838
1782637364
792931095
-1278688587
1912564360
-1309835184
1781311578
1518272922
1112847472
-1481002836
1652514843
1135543051
308860206
1101380519
-1061273558
-1614465166
-2112811853
626091545
792951016
-447263521
-1593939104
-163108937
846074068
865271048
-927784517
452645563
-1763926682
1052587920
2102433632
1578668484
-564513509
352529547
867925301
-1809096710
1356852945
-302843070
699551457
-999268491
-1705082284
-536213197
1162213245
-1591823905
2099830328
-1843182246
-1410626164
-1514031273
-2062432536
443538358
425286184
1673385880
-1914973441
1313414406
315662206
737556826
-1447274282
-439181613
-1214721412
-754185224
-1482219171
1615845299
-360170552
437667666
1579283502
1786821579
-574540813
-902101516
-2084810529
1267539349
411725550
-1400775305
1664674199
926865122
43780796
-1161242329
339456739
1103560226
-274573975
-1724122395
455646410
-2109035549
-598573510
592012879
-921941730
-365423465
1266460197
-1979016675
1479103252
-1339229543
1749681027
-1094886451
1482292247
1648606322
713886979
544029058
1629442520
-986938537
1307893730
983090729
1530143145
1473009142
-1940630184
-777260067
-905229045
1853100913
2034269013
601567372
-469347451
1767742122
1364288620
-1350489894
-1482021450
540910017
-192183537
-1512352443
1910871469
-1935867430
2032600061
-2145405559
1994258552
1586789155
1565383671
-1482138043
1223412986
397554965
1656782009
1587002590
-910525438
-1501528327
-908303064
-819808862
1159431576
781817005
-1585512249
2061238320
1833873304
-1783862361
-1712158097
-215063016
-1299838587
-1047344070
-1850087873
1995032510
1149622678
-556188904
1995155152
-1868493949
-1834105067
-31623401
370913709
1289050917
-2051418647
1370525495
-1143589118
-405974170
-60881039
271963363
-827985774
-1615001109
1641067666
-1127731593
-1731535890
-2100425369
-260508397
1438879234
-1452940317
-672873480
1560258599
-1192718260
-2010043084
116575184
325120587
-1301510118
-467404152
1887191576
-896711598
2095610288
400317349
1576014864
941244349
-2042770794
1972902878
1808907898
-299037616
-1313887841
-1691769910
1974804280
-1891896607
-438537434
1542242870
-118276812
1053708658
-567110245
378179676
269036159
-1723908990
389069373
2107303252
-201300804
670589343
1803105832
-1742402358
1565677503
-1327497408
29165458
-1595362064
279897712
1879967185
1896014673
1014187958
1747459573
529118734
907220640
2106925880
751007503
454185107
1914257697
1359832440
-1449965116
856337076
1813588773
326778700
2122405694
986233994
-186368981
1661403801
2015202803
-1190691762
-602843737
1076912065
290614277
-1639277847
1683035651
-1987410343
1712497642
-1712785973
-1567307798
83631391
1227482959
-1133784581
-31555133
-392411861
227867705
171848814
1945450875
227613795
-211582867
-2054624355
-1499475833
992965428
996671250
-288547247
1068915753
-814503554
-1038009196
43545536
1544105457
787932879
-476980022
-1664407331
152133766
151200211
-311834790
-929454356
-1420366682
2140908299
-852038052
351825748
632588906
2121739965
461986621
1354395832
-115219762
172188203
1834001893
899094855
1211159920
-1839607801
-1602799076
919517779
-1460480360
-2054129627
-98431191
611914016
935831928
-1102563726
-1706969668
955451646
770112180
629548324
1535893517
1604192922
-611672285
290354
1858259012
-1804309360
-675841321
905592839
1050810651
2015091011
1258247258
102881649
-1256244031
89636337
-1082779590
-1585520417
1025848833
2018187009
-356953912
1188461259
-1546491997
1058680223
-1886333412
1844302708
-1144984046
1534204554
932969051
851120081
-1303875778
780476972
49198651
1929370049
-600668989
-899138070
-944334393
1686371206
994649162
-1246796099
-550009505
-224805260
-1564956113
-2048166655
871132931
100466917
-1816827292
-595220083
-560416816
1169766255
946793364
-2069744637
299554249
-1580085927
928592011
-1586214296
